2147483647C
4814967 17
3195 1
3203 1
3159 1
2985 1
2985 1
3558 1
3564 1
3554 1
3548 1
3542 1
3564 1
3541 1
3552 1
3555 1
3544 1
3548 1
3561 1
3199 1
3186 1
3548 1
3189 1
3195 1
3183 1
3191 1
3152 1
3196 1
3214 1
2985 1
2985 1
2985 1
2985 1
2985 1
2980 1
2985 1
2980 1
2985 1
2985 1
3194 1
2985 1
2980 1
2985 1
2980 1
2985 1
2985 1
2980 1
2985 1
2985 1
2985 1
2980 1
2985 1
2985 1
2980 1
2980 1
2980 1
2975 1
2985 1
2985 1
2980 1
2980 1
2980 1
2985 1
2980 1
2980 1
2980 1
2980 1
2980 1
2985 1
2980 1
2985 1
2980 1
2985 1
2985 1
2980 1
2985 1
2985 1
2985 1
2980 1
2980 1
2980 1
2985 1
2985 1
2980 1
2985 1
2980 1
2985 1
2980 1
2980 1
2985 1
2980 1
2975 1
2980 1
3900 1
2985 1
2980 1
2980 1
2985 1
2985 1
2980 1
2985 1
2985 1
2985 1
2980 1
2980 1
2980 1
2985 1
2975 1
2985 1
2975 1
3197 1
2980 1
2975 1
2985 1
2980 1
2980 1
2985 1
2980 1
2980 1
2980 1
2985 1
2980 1
2985 1
2980 1
2980 1
2980 1
2985 1
2985 1
2980 1
2985 1
2980 1
2980 1
2985 1
2985 1
2985 1
2985 1
2985 1
2985 1
2975 1
2985 1
2985 1
2985 1
2985 1
2985 1
2985 1
2980 1
2980 1
2985 1
2980 1
2980 1
3153 1
3156 1
3166 1
3190 1
3523 1
3540 1
3525 1
3524 1
3183 1
3210 1
3544 1
3193 1
3191 1
3194 1
3162 1
3187 1
3542 1
3190 1
3550 1
3556 1
3544 1
3547 1
3163 1
3190 1
3170 1
3199 1
3157 1
3200 1
3163 1
3515 1
3564 1
3525 1
3553 1
3531 1
3546 1
3518 1
3519 1
3547 1
3520 1
2987 1
2987 1
2982 1
2982 1
2982 1
2982 1
2987 1
2987 1
2987 1
2987 1
3178 1
2982 1
2982 1
2982 1
2982 1
2987 1
2987 1
2987 1
2987 1
2987 1
3197 1
2987 1
2987 1
2982 1
2982 1
2982 1
2987 1
2987 1
2987 1
3191 1
3559 1
3167 1
3542 1
3535 1
3538 1
3192 1
3179 1
3196 1
2991 1
3162 1
3189 1
3190 1
3208 1
3189 1
3209 1
3196 1
3185 1
3203 1
3177 1
3160 1
3163 1
3179 1
3206 1
3184 1
3164 1
3171 1
3173 1
3194 1
3206 1
3198 1
3207 1
3206 1
3201 1
3204 1
3166 1
3173 1
3204 1
3196 1
3162 1
3163 1
3203 1
3199 1
3212 1
3193 1
3179 1
3204 1
3198 1
3195 1
3193 1
3186 1
3160 1
3156 1
3194 1
3168 1
3197 1
3196 1
3201 1
3168 1
3175 1
2982 1
2982 1
2987 1
2982 1
2982 1
2982 1
2987 1
2982 1
2987 1
2982 1
2982 1
3180 1
3200 1
3903 1
2987 1
2982 1
2987 1
2982 1
2982 1
2987 1
2982 1
2982 1
2987 1
2982 1
2987 1
2982 1
2982 1
2982 1
2987 1
2982 1
2987 1
2987 1
2987 1
2987 1
2982 1
2982 1
2982 1
2987 1
2977 1
2987 1
2987 1
2987 1
2982 1
2987 1
2987 1
3906 1
2982 1
2982 1
2982 1
2982 1
2987 1
2987 1
2987 1
2982 1
2987 1
2987 1
2982 1
2987 1
2987 1
2987 1
2987 1
2987 1
2987 1
2987 1
2982 1
2982 1
2987 1
2987 1
2987 1
2987 1
2987 1
2987 1
2987 1
2982 1
2982 1
2987 1
2987 1
2982 1
2987 1
3560 1
3516 1
3527 1
3518 1
3543 1
3516 1
3544 1
3539 1
3518 1
3545 1
3538 1
3524 1
3514 1
3060 1
3542 1
3558 1
3074 1
3553 1
3527 1
3547 1
3559 1
3546 1
3521 1
3545 1
3564 1
2986 1
2986 1
3908 1
